$ANSIBLE_VAULT;1.1;AES256
36396563336339383735303063613833326631656230613033623331346437653165623663363834
3331653330373136393432613863393462303435363837300a623164393935616334353132346134
66383633663731393032653834376634313934366635346230376566636538653563323461326164
3334386636376336640a366634376233366661653435353764333832393738306135353866343332
65313137383039336233366636343863613933306138653530396666336233343131653236313063
30373139623661306362623132333839333738633039306661393335616137626339623137653435
30356431353962626130613832643237373932646633626434396335356630623530333462366663
37366332376434323234363235653432326137313366356665323831393664366464666534633731
34323762316164323737626439626565333735633533353030396435353435313734366138613935
38383538383638336263353661333465656139313737626336336564383964663236653739373038
64393466356638623939356437383939343564333766326532613062616439346538656636383466
64336232343163343831633531323536353335376139396337626663306238656363386664323931
63393861323765396333313164646665396136383031353564613938336531303636393462306361
34643063613366333266343737663761626632303764633930616438383738626433363563363461
63626133356636386535363936363330613538653238633862663730303835306465646235663731
37646662633939376566393462613364366637386431346639356634303666343639333563333034
38396566663338633939313733613662623832383533316166613263646639623465363431333134
32636331313064613938363265333266356331653835313237323262306637363335653064366164
62363638343138343834386337373734626633663037633064393431613262626666393461643133
38363437616638646336613331363663653365313930653237643537633132326366313661336137
30303736643261373031363563376233386232303266343362613962363538393166343635333563
38366563336232636237316465643364653530383439303034316161616362383632336634373433
65386638633333396265393137623337303865326239386234323131393839656664316561303666
31626366663736643663336532393266336333343461383632656263616438343530336431383032
3735
