$ANSIBLE_VAULT;1.1;AES256
33646130616537303165643964356132336330636139343066363431636437613433663064353464
6361346663636637343036343933653566343333373761330a373161633433666332633032636231
35366164383766646566393034666236613433656537343835666164636338616138366234646661
3664303231323936330a643537326666623436386439623661643438376636333833313130326133
31393831393133386337323837353735366462346262393735616335313839366366643663346563
64666232386635393134633337326563373863396663316133633761386634646133643735386665
62613333653532376433653538653265343765626164343763383437613966313733633131666663
65636336663866636333343631353335363638633235366139613465303536653263323738626532
32373433643861663333326162623265623065613263633437326133366433313464356636323437
31613936663834316135323365366137353037666238653066356133626665393732323364623362
33313865316334323335653465653961613334333638623563353330383034353332303565336165
61666565666436383765
