$ANSIBLE_VAULT;1.1;AES256
38376631316465373464313537303235646433343431646165333233643339313131653031393865
3337326536623036633632366233643132396635323564350a356339656663326235363938326332
63343766663963343133343537633537386431656138313334613639383636666161333632656264
3163623233356435300a346163353864346463313834363835666633633962336632366438386366
63623834363437386537396433383133323066616432633237393661323936653334373964653565
31616439383637623964393864613235666663643965613833383563343936326330636362393032
32613832333564303264643131343932353063386638646538666264333166666433643532636465
32633539343631663932326239303839316362386236336337653761313662316661316464343436
34323535393539333637383338636264306161633230353331636234653037303061623836393531
64623366366135623534313838333634366230623738646634326665383665303238653434303261
32653637326133616437333832616434376165656539393432376135643231656232373866383939
63666665653734386136393131353532656333326662366436326334383865616565366535633063
63323362343566646330323561666533376637666663623239663566656639653433613762653363
39626262613930386632333032366437383230323162356438616465656364353638376430643738
66333962363339303334376632326162386433653861626134646330306436376661333064383338
33393332643164326164336232316363333062616134356563306130326538366338643039373535
37386164633464623766626665316438356431303538306362663861313031643966316538316166
34666136313566363431613539653037643964353731306461613832396633623835313430336337
31323664383162366566663863633132393634363966353836666563373031656163376166366264
36633164336534646164653464663964623736336136626332333533356537386238643930623066
35626565303235386437666162306164626137623130303637316537646636623662323166613764
32643664616162366334323061656239363635323535333866663137363865373661363562313730
37646535303934346163633462376438316136363962386339303633613338333930656230386161
63333738633737663637623861356439306535326363626463396461373036356533613437663630
32633363316432663438333862313864646638363632346264656535366234346435376634326638
38626236386163373865386436383761306338623338643565323234393438343037393462313633
36346135396337616365303530623363313735636664353765386233336536323832616133343435
30323364356431653739303162626566343137356239383766616436393935656266643438626162
32336164393737663639373238663463366333653035336239316466373839646465666635353765
65326239366338383731663230333661336263656334656362663263326439626531356432333032
32306432323135643135306134373365626664363431366135363262393735643832336335326439
34383531353966386539353363336239353164386132666434353861323966336264646532313236
65343464303964393733323031313839393666326266336164373235663466613032323231643163
66666166393262363938393165633663663439306335323839646539643762613162376638613035
62326530393434393033663962333966646466346566353630303639383535316633643363383937
31626231386666613934623834356231346534613737306530303364663462643439653866623739
3834
